<<<<<<< HEAD
3.569314e+00	1.884808e+00	7.000000e-01	1.884808e+00	3.569314e+00	 end of row 0 
3.517456e+00	1.784657e+00	3.500000e-01	1.784657e+00	3.517456e+00	 end of row 1 
3.500000e+00	1.750000e+00	0.000000e+00	1.750000e+00	3.500000e+00	 end of row 2 
3.517456e+00	1.784657e+00	3.500000e-01	1.784657e+00	3.517456e+00	 end of row 3 
3.569314e+00	1.884808e+00	7.000000e-01	1.884808e+00	3.569314e+00	 end of row 4 
=======
3.569314e+00	1.884808e+00	7.000000e-01	1.884808e+00	3.569314e+00	
3.517456e+00	1.784657e+00	3.500000e-01	1.784657e+00	3.517456e+00	
3.500000e+00	1.750000e+00	0.000000e+00	1.750000e+00	3.500000e+00	
3.517456e+00	1.784657e+00	3.500000e-01	1.784657e+00	3.517456e+00	
3.569314e+00	1.884808e+00	7.000000e-01	1.884808e+00	3.569314e+00	
>>>>>>> experiment
